# Divergence analysis — Figma ↔ Config ↔ TonalScale formula

Generated from `config/tokens.config.ts` (OKLCH values) vs `tests/parity/fixtures/figma-anchors.json` (hex anchors, converted to OKLCH via culori).

ΔE = CIEDE2000 in sRGB; values < 1.0 invisible, 1-2 JNDs invisible to most, 2-5 perceptible, >5 obvious.


## 1. Neutrals — Config vs Figma (per-mode ΔE)


### light/normal

| step | figma L / C / H | hex fig | cfg L / C / H | hex cfg | ΔL | ΔC | ΔH° | ΔE |
|---|---|---|---|---|---|---|---|---|
| 0 | 1.000/0.0000/0.0 | #ffffff | 1.000/0.0000/286.0 | #ffffff | 0.000 | 0.0000 | 74.0 | 0.00 |
| 1 | 0.979/0.0029/264.5 | #f7f8fa | 0.979/0.0029/264.5 | #f7f8fa | 0.000 | -0.0000 | 0.0 | 0.01 |
| 2 | 0.943/0.0134/286.1 | #ebebf5 | 0.943/0.0134/286.1 | #ebebf5 | -0.000 | -0.0000 | 0.0 | 0.00 |
| 3 | 0.851/0.0124/286.1 | #cdcdd6 | 0.851/0.0124/286.1 | #cdcdd6 | -0.000 | -0.0000 | 0.0 | 0.01 |
| 4 | 0.760/0.0127/286.1 | #b0b0b9 | 0.760/0.0127/286.1 | #b0b0b9 | -0.000 | 0.0000 | 0.0 | 0.01 |
| 5 | 0.666/0.0132/286.0 | #93939c | 0.666/0.0132/286.0 | #93939c | 0.000 | -0.0000 | -0.0 | 0.01 |
| 6 | 0.575/0.0121/286.0 | #787880 | 0.575/0.0121/286.0 | #787880 | 0.000 | 0.0000 | 0.0 | 0.01 |
| 7 | 0.467/0.0128/285.9 | #595961 | 0.467/0.0128/285.9 | #595961 | 0.000 | 0.0000 | 0.0 | 0.00 |
| 8 | 0.359/0.0120/285.8 | #3c3c43 | 0.359/0.0120/285.8 | #3c3c43 | 0.000 | -0.0000 | 0.0 | 0.01 |
| 9 | 0.311/0.0071/286.0 | #303034 | 0.311/0.0071/286.0 | #303034 | 0.000 | -0.0000 | 0.0 | 0.01 |
| 10 | 0.261/0.0037/286.1 | #242426 | 0.261/0.0037/286.1 | #242426 | 0.000 | -0.0000 | 0.0 | 0.00 |
| 11 | 0.227/0.0038/286.1 | #1c1c1e | 0.227/0.0038/286.1 | #1c1c1e | -0.000 | 0.0000 | 0.0 | 0.01 |
| 12 | 0.174/0.0041/286.0 | #101012 | 0.174/0.0041/286.0 | #101012 | 0.000 | -0.0000 | -0.0 | 0.00 |

### light/ic

| step | figma L / C / H | hex fig | cfg L / C / H | hex cfg | ΔL | ΔC | ΔH° | ΔE |
|---|---|---|---|---|---|---|---|---|
| 0 | 1.000/0.0000/0.0 | #ffffff | 1.000/0.0000/286.0 | #ffffff | 0.000 | 0.0000 | 74.0 | 0.00 |
| 1 | 0.976/0.0041/271.4 | #f6f7fa | 0.976/0.0041/271.4 | #f6f7fa | 0.000 | 0.0000 | -0.0 | 0.01 |
| 2 | 0.956/0.0094/279.7 | #eff0f7 | 0.956/0.0094/279.7 | #eff0f7 | -0.000 | 0.0000 | -0.0 | 0.00 |
| 3 | 0.890/0.0109/280.5 | #d9dae2 | 0.890/0.0109/280.5 | #d9dae2 | 0.000 | 0.0000 | -0.0 | 0.01 |
| 4 | 0.825/0.0111/280.4 | #c4c5cd | 0.825/0.0111/280.4 | #c4c5cd | 0.000 | 0.0000 | -0.0 | 0.02 |
| 5 | 0.636/0.0118/286.1 | #8a8a92 | 0.636/0.0118/286.1 | #8a8a92 | 0.000 | 0.0000 | -0.0 | 0.01 |
| 6 | 0.555/0.0122/286.0 | #72727a | 0.555/0.0122/286.0 | #72727a | -0.000 | 0.0000 | 0.0 | 0.02 |
| 7 | 0.449/0.0129/285.9 | #54545c | 0.449/0.0129/285.9 | #54545c | -0.000 | 0.0000 | -0.0 | 0.01 |
| 8 | 0.332/0.0122/285.7 | #35353c | 0.332/0.0122/285.7 | #35353c | 0.000 | 0.0000 | 0.0 | 0.01 |
| 9 | 0.287/0.0090/285.8 | #2a2a2f | 0.287/0.0090/285.8 | #2a2a2f | 0.000 | 0.0000 | -0.0 | 0.02 |
| 10 | 0.241/0.0057/286.0 | #1f1f22 | 0.240/0.0057/286.0 | #1f1f22 | 0.000 | -0.0000 | -0.0 | 0.01 |
| 11 | 0.197/0.0040/286.0 | #151517 | 0.197/0.0040/286.0 | #151517 | 0.000 | -0.0000 | -0.0 | 0.01 |
| 12 | 0.000/0.0000/0.0 | #000000 | 0.000/0.0000/286.0 | #000000 | 0.000 | 0.0000 | 74.0 | 0.00 |

### dark/ic

| step | figma L / C / H | hex fig | cfg L / C / H | hex cfg | ΔL | ΔC | ΔH° | ΔE |
|---|---|---|---|---|---|---|---|---|
| 0 | 0.000/0.0000/0.0 | #000000 | 0.000/0.0000/286.0 | #000000 | 0.000 | 0.0000 | 74.0 | 0.00 |
| 1 | 0.197/0.0040/286.0 | #151517 | 0.197/0.0040/286.0 | #151517 | 0.000 | -0.0000 | -0.0 | 0.01 |
| 2 | 0.241/0.0057/286.0 | #1f1f22 | 0.240/0.0057/286.0 | #1f1f22 | 0.000 | -0.0000 | -0.0 | 0.01 |
| 3 | 0.287/0.0090/285.8 | #2a2a2f | 0.287/0.0090/285.8 | #2a2a2f | 0.000 | 0.0000 | -0.0 | 0.02 |
| 4 | 0.332/0.0122/285.7 | #35353c | 0.332/0.0122/285.7 | #35353c | 0.000 | 0.0000 | 0.0 | 0.01 |
| 5 | 0.449/0.0129/285.9 | #54545c | 0.449/0.0129/285.9 | #54545c | -0.000 | 0.0000 | -0.0 | 0.01 |
| 6 | 0.555/0.0122/286.0 | #72727a | 0.555/0.0122/286.0 | #72727a | -0.000 | 0.0000 | 0.0 | 0.02 |
| 7 | 0.636/0.0118/286.1 | #8a8a92 | 0.636/0.0118/286.1 | #8a8a92 | 0.000 | 0.0000 | -0.0 | 0.01 |
| 8 | 0.825/0.0111/280.4 | #c4c5cd | 0.825/0.0111/280.4 | #c4c5cd | 0.000 | 0.0000 | -0.0 | 0.02 |
| 9 | 0.890/0.0109/280.5 | #d9dae2 | 0.890/0.0109/280.5 | #d9dae2 | 0.000 | 0.0000 | -0.0 | 0.01 |
| 10 | 0.956/0.0094/279.7 | #eff0f7 | 0.956/0.0094/279.7 | #eff0f7 | -0.000 | 0.0000 | -0.0 | 0.00 |
| 11 | 0.976/0.0041/271.4 | #f6f7fa | 0.976/0.0041/271.4 | #f6f7fa | 0.000 | 0.0000 | -0.0 | 0.01 |
| 12 | 1.000/0.0000/0.0 | #ffffff | 1.000/0.0000/286.0 | #ffffff | 0.000 | 0.0000 | 74.0 | 0.00 |

### dark/normal

| step | figma L / C / H | hex fig | cfg L / C / H | hex cfg | ΔL | ΔC | ΔH° | ΔE |
|---|---|---|---|---|---|---|---|---|
| 0 | 0.174/0.0041/286.0 | #101012 | 0.174/0.0041/286.0 | #101012 | 0.000 | -0.0000 | -0.0 | 0.00 |
| 1 | 0.227/0.0038/286.1 | #1c1c1e | 0.227/0.0038/286.1 | #1c1c1e | -0.000 | 0.0000 | 0.0 | 0.01 |
| 2 | 0.261/0.0037/286.1 | #242426 | 0.261/0.0037/286.1 | #242426 | 0.000 | -0.0000 | 0.0 | 0.00 |
| 3 | 0.311/0.0071/286.0 | #303034 | 0.311/0.0071/286.0 | #303034 | 0.000 | -0.0000 | 0.0 | 0.01 |
| 4 | 0.359/0.0120/285.8 | #3c3c43 | 0.359/0.0120/285.8 | #3c3c43 | 0.000 | -0.0000 | 0.0 | 0.01 |
| 5 | 0.467/0.0128/285.9 | #595961 | 0.467/0.0128/285.9 | #595961 | 0.000 | 0.0000 | 0.0 | 0.00 |
| 6 | 0.575/0.0121/286.0 | #787880 | 0.575/0.0121/286.0 | #787880 | 0.000 | 0.0000 | 0.0 | 0.01 |
| 7 | 0.666/0.0132/286.0 | #93939c | 0.666/0.0132/286.0 | #93939c | 0.000 | -0.0000 | -0.0 | 0.01 |
| 8 | 0.760/0.0127/286.1 | #b0b0b9 | 0.760/0.0127/286.1 | #b0b0b9 | -0.000 | 0.0000 | 0.0 | 0.01 |
| 9 | 0.851/0.0124/286.1 | #cdcdd6 | 0.851/0.0124/286.1 | #cdcdd6 | -0.000 | -0.0000 | 0.0 | 0.01 |
| 10 | 0.943/0.0134/286.1 | #ebebf5 | 0.943/0.0134/286.1 | #ebebf5 | -0.000 | -0.0000 | 0.0 | 0.00 |
| 11 | 0.979/0.0029/264.5 | #f7f8fa | 0.979/0.0029/264.5 | #f7f8fa | 0.000 | -0.0000 | 0.0 | 0.01 |
| 12 | 1.000/0.0000/0.0 | #ffffff | 1.000/0.0000/286.0 | #ffffff | 0.000 | 0.0000 | 74.0 | 0.00 |


## 2. Neutrals — Formula (TonalScale) vs Config (per-mode ΔE)


### light/normal

| step | cfg L / C / H | form L / C / H | ΔL | ΔC | ΔH° | ΔE |
|---|---|---|---|---|---|---|
| 0 | 1.000/0.0000/286.0 | 1.000/0.0001/275.0 | 0.000 | -0.0001 | 11.0 | 0.01 |
| 1 | 0.979/0.0029/264.5 | 0.989/0.0007/264.0 | -0.010 | 0.0022 | 0.5 | 1.04 |
| 2 | 0.943/0.0134/286.1 | 0.954/0.0025/275.0 | -0.011 | 0.0109 | 11.1 | 4.11 |
| 3 | 0.851/0.0124/286.1 | 0.897/0.0063/286.0 | -0.046 | 0.0061 | 0.1 | 4.11 |
| 4 | 0.760/0.0127/286.1 | 0.816/0.0110/286.0 | -0.056 | 0.0017 | 0.1 | 4.81 |
| 5 | 0.666/0.0132/286.0 | 0.713/0.0132/286.0 | -0.047 | 0.0000 | 0.0 | 4.55 |
| 6 | 0.575/0.0121/286.0 | 0.587/0.0110/286.0 | -0.012 | 0.0011 | 0.0 | 1.40 |
| 7 | 0.467/0.0128/285.9 | 0.461/0.0063/286.0 | 0.006 | 0.0065 | -0.1 | 2.36 |
| 8 | 0.359/0.0120/285.8 | 0.357/0.0025/286.0 | 0.001 | 0.0095 | -0.2 | 3.47 |
| 9 | 0.311/0.0071/286.0 | 0.277/0.0007/286.0 | 0.034 | 0.0064 | -0.0 | 3.60 |
| 10 | 0.261/0.0037/286.1 | 0.220/0.0001/286.0 | 0.041 | 0.0036 | 0.1 | 3.36 |
| 11 | 0.227/0.0038/286.1 | 0.185/0.0000/286.0 | 0.042 | 0.0038 | 0.1 | 3.20 |
| 12 | 0.174/0.0041/286.0 | 0.174/0.0000/286.0 | 0.000 | 0.0041 | -0.0 | 1.20 |

**light/normal · max ΔE = 4.81, avg ΔE = 2.86**

### light/ic

| step | cfg L / C / H | form L / C / H | ΔL | ΔC | ΔH° | ΔE |
|---|---|---|---|---|---|---|
| 0 | 1.000/0.0000/286.0 | 1.000/0.0001/275.0 | 0.000 | -0.0001 | 11.0 | 0.01 |
| 1 | 0.976/0.0041/271.4 | 0.986/0.0007/264.0 | -0.010 | 0.0034 | 7.4 | 1.44 |
| 2 | 0.956/0.0094/279.7 | 0.944/0.0025/275.0 | 0.012 | 0.0069 | 4.7 | 2.65 |
| 3 | 0.890/0.0109/280.5 | 0.875/0.0063/286.0 | 0.015 | 0.0046 | -5.5 | 1.92 |
| 4 | 0.825/0.0111/280.4 | 0.778/0.0110/286.0 | 0.047 | 0.0001 | -5.6 | 3.96 |
| 5 | 0.636/0.0118/286.1 | 0.653/0.0132/286.0 | -0.017 | -0.0014 | 0.1 | 1.80 |
| 6 | 0.555/0.0122/286.0 | 0.500/0.0110/286.0 | 0.055 | 0.0012 | -0.0 | 6.04 |
| 7 | 0.449/0.0129/285.9 | 0.347/0.0063/286.0 | 0.102 | 0.0066 | -0.1 | 9.39 |
| 8 | 0.332/0.0122/285.7 | 0.222/0.0025/286.0 | 0.109 | 0.0097 | -0.3 | 9.12 |
| 9 | 0.287/0.0090/285.8 | 0.125/0.0007/286.0 | 0.162 | 0.0083 | -0.2 | 10.21 |
| 10 | 0.240/0.0057/286.0 | 0.056/0.0001/286.0 | 0.185 | 0.0056 | -0.0 | 7.41 |
| 11 | 0.197/0.0040/286.0 | 0.014/0.0000/286.0 | 0.183 | 0.0040 | 0.0 | 4.30 |
| 12 | 0.000/0.0000/286.0 | 0.000/0.0000/286.0 | 0.000 | -0.0000 | 0.0 | 0.00 |

**light/ic · max ΔE = 10.21, avg ΔE = 4.48**

### dark/ic

| step | cfg L / C / H | form L / C / H | ΔL | ΔC | ΔH° | ΔE |
|---|---|---|---|---|---|---|
| 0 | 0.000/0.0000/286.0 | 0.000/0.0000/286.0 | 0.000 | -0.0000 | 0.0 | 0.00 |
| 1 | 0.197/0.0040/286.0 | 0.014/0.0000/286.0 | 0.183 | 0.0040 | 0.0 | 4.30 |
| 2 | 0.240/0.0057/286.0 | 0.056/0.0001/286.0 | 0.185 | 0.0056 | -0.0 | 7.41 |
| 3 | 0.287/0.0090/285.8 | 0.125/0.0007/286.0 | 0.162 | 0.0083 | -0.2 | 10.21 |
| 4 | 0.332/0.0122/285.7 | 0.222/0.0025/286.0 | 0.109 | 0.0097 | -0.3 | 9.12 |
| 5 | 0.449/0.0129/285.9 | 0.347/0.0063/286.0 | 0.102 | 0.0066 | -0.1 | 9.39 |
| 6 | 0.555/0.0122/286.0 | 0.500/0.0110/286.0 | 0.055 | 0.0012 | -0.0 | 6.04 |
| 7 | 0.636/0.0118/286.1 | 0.653/0.0132/286.0 | -0.017 | -0.0014 | 0.1 | 1.80 |
| 8 | 0.825/0.0111/280.4 | 0.778/0.0110/286.0 | 0.047 | 0.0001 | -5.6 | 3.96 |
| 9 | 0.890/0.0109/280.5 | 0.875/0.0063/286.0 | 0.015 | 0.0046 | -5.5 | 1.92 |
| 10 | 0.956/0.0094/279.7 | 0.944/0.0025/275.0 | 0.012 | 0.0069 | 4.7 | 2.65 |
| 11 | 0.976/0.0041/271.4 | 0.986/0.0007/264.0 | -0.010 | 0.0034 | 7.4 | 1.44 |
| 12 | 1.000/0.0000/286.0 | 1.000/0.0001/275.0 | 0.000 | -0.0001 | 11.0 | 0.01 |

**dark/ic · max ΔE = 10.21, avg ΔE = 4.48**

### dark/normal

| step | cfg L / C / H | form L / C / H | ΔL | ΔC | ΔH° | ΔE |
|---|---|---|---|---|---|---|
| 0 | 0.174/0.0041/286.0 | 0.174/0.0000/286.0 | 0.000 | 0.0041 | -0.0 | 1.20 |
| 1 | 0.227/0.0038/286.1 | 0.185/0.0000/286.0 | 0.042 | 0.0038 | 0.1 | 3.20 |
| 2 | 0.261/0.0037/286.1 | 0.220/0.0001/286.0 | 0.041 | 0.0036 | 0.1 | 3.36 |
| 3 | 0.311/0.0071/286.0 | 0.277/0.0007/286.0 | 0.034 | 0.0064 | -0.0 | 3.60 |
| 4 | 0.359/0.0120/285.8 | 0.357/0.0025/286.0 | 0.001 | 0.0095 | -0.2 | 3.47 |
| 5 | 0.467/0.0128/285.9 | 0.461/0.0063/286.0 | 0.006 | 0.0065 | -0.1 | 2.36 |
| 6 | 0.575/0.0121/286.0 | 0.587/0.0110/286.0 | -0.012 | 0.0011 | 0.0 | 1.40 |
| 7 | 0.666/0.0132/286.0 | 0.713/0.0132/286.0 | -0.047 | 0.0000 | 0.0 | 4.55 |
| 8 | 0.760/0.0127/286.1 | 0.816/0.0110/286.0 | -0.056 | 0.0017 | 0.1 | 4.81 |
| 9 | 0.851/0.0124/286.1 | 0.897/0.0063/286.0 | -0.046 | 0.0061 | 0.1 | 4.11 |
| 10 | 0.943/0.0134/286.1 | 0.954/0.0025/275.0 | -0.011 | 0.0109 | 11.1 | 4.11 |
| 11 | 0.979/0.0029/264.5 | 0.989/0.0007/264.0 | -0.010 | 0.0022 | 0.5 | 1.04 |
| 12 | 1.000/0.0000/286.0 | 1.000/0.0001/275.0 | 0.000 | -0.0001 | 11.0 | 0.01 |

**dark/normal · max ΔE = 4.81, avg ΔE = 2.86**


## 3. Accent primitives — Config vs Figma (per-mode ΔE)

Config primitive_per_output is *authored to match* Figma, so expect tiny ΔE. Any big divergence = config drifted.


| accent | mode | figma hex | cfg hex | ΔE |
|---|---|---|---|---|
| Brand | light/normal | #007aff | #007aff | 0.02 |
| Brand | light/ic | #0040dd | #0040dd | 0.05 |
| Brand | dark/ic | #409cff | #409cff | 0.05 |
| Brand | dark/normal | #4a8fff | #4a8fff | 0.05 |
| Red | light/normal | #ff3b30 | #ff3b30 | 0.05 |
| Red | light/ic | #d70015 | #d70215 | 0.05 |
| Red | dark/ic | #ff6161 | #ff6161 | 0.05 |
| Red | dark/normal | #ff3a3a | #ff3a3a | 0.07 |
| Orange | light/normal | #ffa100 | #ffa100 | 0.01 |
| Orange | light/ic | #c93400 | #c93400 | 0.07 |
| Orange | dark/ic | #ffa940 | #ffa940 | 0.03 |
| Orange | dark/normal | #ff9008 | #ff900a | 0.08 |
| Yellow | light/normal | #ffd000 | #ffd000 | 0.02 |
| Yellow | light/ic | #b25000 | #b25000 | 0.04 |
| Yellow | dark/ic | #ffd426 | #ffd428 | 0.08 |
| Yellow | dark/normal | #ffd60a | #ffd606 | 0.07 |
| Green | light/normal | #34c759 | #35c759 | 0.05 |
| Green | light/ic | #248a3d | #248a3d | 0.06 |
| Green | dark/ic | #30db5b | #2fdb5b | 0.04 |
| Green | dark/normal | #30d158 | #30d158 | 0.05 |
| Teal | light/normal | #5ac8fa | #5bc8fa | 0.06 |
| Teal | light/ic | #0071a4 | #0171a4 | 0.04 |
| Teal | dark/ic | #70d7ff | #70d7ff | 0.02 |
| Teal | dark/normal | #64d2ff | #63d2ff | 0.11 |
| Mint | light/normal | #00c7be | #00c7be | 0.02 |
| Mint | light/ic | #0c817b | #0d817b | 0.02 |
| Mint | dark/ic | #6cebe7 | #6cebe7 | 0.04 |
| Mint | dark/normal | #63e6e2 | #63e6e2 | 0.04 |
| Blue | light/normal | #3e87ff | #3e87ff | 0.05 |
| Blue | light/ic | #0050cf | #0050cf | 0.04 |
| Blue | dark/ic | #95c0ff | #95c0ff | 0.03 |
| Blue | dark/normal | #5696ff | #5696ff | 0.04 |
| Indigo | light/normal | #5856d6 | #5856d6 | 0.05 |
| Indigo | light/ic | #3634a3 | #3634a3 | 0.03 |
| Indigo | dark/ic | #7d7aff | #7d7aff | 0.05 |
| Indigo | dark/normal | #5e5ce6 | #5e5ce6 | 0.05 |
| Purple | light/normal | #af52de | #af52de | 0.01 |
| Purple | light/ic | #8944ab | #8944ab | 0.06 |
| Purple | dark/ic | #da8fff | #da8fff | 0.04 |
| Purple | dark/normal | #bf5af2 | #bf5af2 | 0.03 |
| Pink | light/normal | #ff2d55 | #ff2e55 | 0.05 |
| Pink | light/ic | #d30f45 | #d30f45 | 0.05 |
| Pink | dark/ic | #ff6482 | #ff6482 | 0.02 |
| Pink | dark/normal | #ff2d55 | #ff2e55 | 0.05 |


## 4. Symmetry test — Figma `dark/normal[i]` vs Figma `light/normal[12-i]`

If perfect, a TonalScale only needs ONE ladder + automatic mirror for dark mode.


| step i | light[i] | dark[12-i] | ΔE |
|---|---|---|---|
| 0 | #ffffff | #ffffff | 0.00 |
| 1 | #f7f8fa | #f7f8fa | 0.00 |
| 2 | #ebebf5 | #ebebf5 | 0.00 |
| 3 | #cdcdd6 | #cdcdd6 | 0.00 |
| 4 | #b0b0b9 | #b0b0b9 | 0.00 |
| 5 | #93939c | #93939c | 0.00 |
| 6 | #787880 | #787880 | 0.00 |
| 7 | #595961 | #595961 | 0.00 |
| 8 | #3c3c43 | #3c3c43 | 0.00 |
| 9 | #303034 | #303034 | 0.00 |
| 10 | #242426 | #242426 | 0.00 |
| 11 | #1c1c1e | #1c1c1e | 0.00 |
| 12 | #101012 | #101012 | 0.00 |


## 5. IC vs Normal · how much does IC differ from "extended endpoints normal"?

If small ΔE, IC is just a tighter L-envelope on same curve (one modifier).

If large, IC needs its own ladder.


| step | light/normal hex | light/ic hex | ΔE | dark/normal hex | dark/ic hex | ΔE |
|---|---|---|---|---|---|---|
| 0 | #ffffff | #ffffff | 0.00 | #101012 | #000000 | 3.02 |
| 1 | #f7f8fa | #f6f7fa | 0.55 | #1c1c1e | #151517 | 2.16 |
| 2 | #ebebf5 | #eff0f7 | 1.86 | #242426 | #1f1f22 | 1.72 |
| 3 | #cdcdd6 | #d9dae2 | 3.09 | #303034 | #2a2a2f | 2.01 |
| 4 | #b0b0b9 | #c4c5cd | 5.54 | #3c3c43 | #35353c | 2.28 |
| 5 | #93939c | #8a8a92 | 3.12 | #595961 | #54545c | 1.77 |
| 6 | #787880 | #72727a | 2.39 | #787880 | #72727a | 2.39 |
| 7 | #595961 | #54545c | 1.77 | #93939c | #8a8a92 | 3.12 |
| 8 | #3c3c43 | #35353c | 2.28 | #b0b0b9 | #c4c5cd | 5.54 |
| 9 | #303034 | #2a2a2f | 2.01 | #cdcdd6 | #d9dae2 | 3.09 |
| 10 | #242426 | #1f1f22 | 1.72 | #ebebf5 | #eff0f7 | 1.86 |
| 11 | #1c1c1e | #151517 | 2.16 | #f7f8fa | #f6f7fa | 0.55 |
| 12 | #101012 | #000000 | 3.02 | #ffffff | #ffffff | 0.00 |


## 6. Accent hue-family constants — is there a single `base_hue` per family?

| accent | L/N H | L/IC H | D/IC H | D/N H | H-range |
|---|---|---|---|---|---|
| Brand | 257.4 | 263.3 | 253.0 | 259.6 | 10.3° |
| Red | 28.7 | 27.3 | 23.5 | 26.5 | 5.1° |
| Orange | 68.6 | 35.3 | 67.2 | 59.8 | 33.3° |
| Yellow | 92.2 | 48.9 | 93.2 | 94.8 | 45.9° |
| Green | 147.4 | 147.5 | 146.9 | 147.0 | 0.6° |
| Teal | 230.8 | 238.4 | 225.9 | 227.7 | 12.5° |
| Mint | 189.0 | 189.0 | 192.5 | 192.4 | 3.5° |
| Blue | 259.9 | 261.0 | 257.8 | 259.8 | 3.2° |
| Indigo | 278.3 | 276.2 | 280.6 | 278.1 | 4.5° |
| Purple | 312.4 | 313.0 | 313.8 | 312.4 | 1.3° |
| Pink | 17.9 | 16.1 | 11.6 | 17.9 | 6.3° |


## 7. What are Figma bg-primary/secondary/tertiary via neutrals & "misc"?

If Apple-binary (light = P→S→P) holds, step0 ≈ step2 in light would be small ΔE.

| mode | neutral[0] | neutral[1] | neutral[2] | ΔE(0,2) | Label-default ref |
|---|---|---|---|---|---|
| light/normal | #ffffff | #f7f8fa | #ebebf5 | 6.31 | #ffffff |
| light/ic | #ffffff | #f6f7fa | #eff0f7 | 4.57 | #ffffff |
| dark/ic | #000000 | #151517 | #1f1f22 | 7.50 | #000000 |
| dark/normal | #101012 | #1c1c1e | #242426 | 5.95 | #ffffff |
